4.999999999926987948e+04
4.999999999789068534e+04
4.999999999395513441e+04
4.999999998324464832e+04
4.999999995505579864e+04
4.999999988325344748e+04
4.999999970611385652e+04
4.999999928257119609e+04
4.999999830090293835e+04
4.999999609386196244e+04
4.999999127877938736e+04
4.999998107163012173e+04
4.999995997122394328e+04
4.999991695418340532e+04
4.999982737205544254e+04
4.999961788913515920e+04
4.999900336583026365e+04
4.999686699272893020e+04
4.998928334823159094e+04
4.996367057404966909e+04
4.988341884579412726e+04
4.965569219139822235e+04
4.909414819111459656e+04
4.797519606318348087e+04
4.640509290964770480e+04
4.546445375527374563e+04
4.525014872527890839e+04
4.504413666360038042e+04
4.485666729053263407e+04
4.467822987215399189e+04
4.449931939674050227e+04
4.432366843252791296e+04
4.416758967097336426e+04
4.403679368489540502e+04
4.391589054245577427e+04
4.378676884313629853e+04
4.364035312688899285e+04
4.347610021012108336e+04
4.330037308840984042e+04
4.312088698604288948e+04
4.293836200268128596e+04
4.275091166025435086e+04
4.255915204301541235e+04
4.236434640919559024e+04
4.216682396146022802e+04
4.196614156319002359e+04
4.176185707575473498e+04
4.155370531051933358e+04
4.134236891365586780e+04
4.112797620709063631e+04
4.091060906474598596e+04
4.068932888367208943e+04
4.046392991331424855e+04
4.023394567505465966e+04
3.999844371588520153e+04
3.975731219004736340e+04
3.950990725863679108e+04
3.925718038642157626e+04
3.899929510698792728e+04
3.873621673794662638e+04
3.846676243822851393e+04
3.819015810386981320e+04
3.790599504597659688e+04
3.761460203473570436e+04
3.731485064585578948e+04
3.700675623237316177e+04
3.669005444321093091e+04
3.636376913393870200e+04
3.602799127894872800e+04
3.568254238366471691e+04
3.532892789082627132e+04
3.496911236892957095e+04
3.460383806392391125e+04
3.423503157405109960e+04
3.386447860512394982e+04
3.349274973752158985e+04
3.311920763061413163e+04
3.274523149797438600e+04
3.237077354186117009e+04
3.199599809102532163e+04
3.162043644081067760e+04
3.124695484922866672e+04
3.087672650640673601e+04
3.050997714422098579e+04
3.014695193227847267e+04
2.978662805521932387e+04
2.942861177429879899e+04
2.907236766346946024e+04
2.871659362895852246e+04
2.835965782319222490e+04
2.799984718195720052e+04
2.763647869943454134e+04
2.726811832766435691e+04
2.689310049473817708e+04
2.651047188550441570e+04
2.611798253889296757e+04
2.571295362939561164e+04
2.529176577878349781e+04
2.485585423542058561e+04
2.440846140745139201e+04
2.395064542829742641e+04
2.348549500171438194e+04
2.301730835941570695e+04
2.254691368655834231e+04
2.207867996802022390e+04
2.161780437972335494e+04
2.116456825386234777e+04
2.072157916505915273e+04
2.029276662032654713e+04
1.987547901501142769e+04
1.946694454154391497e+04
1.906592538022850931e+04
1.866755070016031095e+04
1.827222717590638786e+04
1.787710958536951512e+04
1.748533787642433890e+04
1.709325229725967438e+04
1.671011827537869249e+04
1.632767441635391515e+04
1.595618915387634115e+04
1.558108021743364043e+04
1.521987017746476704e+04
1.485396155089519925e+04
1.450394146460046613e+04
1.414474533492923001e+04
1.380280340089452693e+04
1.344653717695861451e+04
1.311285906068774602e+04
1.275561053067787543e+04
1.243019487787348407e+04
1.207301423790602712e+04
1.175606347807581551e+04
1.139950818822135989e+04
1.110421043126829682e+04
1.075211450742497254e+04
1.054289448810389331e+04
1.018094348718592300e+04
1.168639669184749073e+04
1.065671701749158274e+04
1.062216238435802188e+04
1.251497987083151020e+04
3.557970554068610817e+07
2.412605164866071939e+08
2.233906839625393152e+08
1.493342540295205414e+08
1.309380015669657951e+04
1.159890922934561604e+04
3.906035933227263158e+05
1.866309707186595351e+07
1.198170971996404696e+06
6.553779482116247527e+04
2.640799106925202068e+04
1.884946937776565392e+04
4.122673851678952633e+04
6.778547803568895906e+05
6.157955682538227120e+04
2.428177639582856500e+04
2.150858540999885736e+04
2.274022966459490272e+04
2.536016066905834668e+04
2.794160519467136692e+04
2.761253118695968442e+04
2.202081494139549613e+04
1.889643955560561881e+04
1.789075547826168258e+04
1.777350274812056887e+04
1.788260451868271048e+04
1.808866906145773100e+04
1.810039703379513230e+04
1.782703984456354738e+04
1.740167961531107721e+04
1.688466446057012581e+04
1.627789924626054744e+04
1.557584669885623225e+04
1.485801167349054776e+04
1.419599411634712669e+04
1.356871786182555843e+04
1.291251802823903745e+04
1.229846400220597570e+04
1.175318758801449803e+04
1.123409306067845682e+04
1.077800457584217293e+04
1.036124080033268910e+04
9.969270696754956589e+03
9.607859396838934117e+03
9.265331110927854752e+03
8.926149843069542840e+03
8.632147463185707238e+03
8.326749685534294258e+03
8.050177291270960268e+03
7.763346984718021304e+03
7.509559368839478338e+03
7.242059041706561402e+03
7.005370729864037457e+03
6.755729126389007433e+03
6.537064896161751676e+03
6.302686262164868822e+03
6.103316659462896496e+03
5.884126078457016774e+03
5.706650139505189145e+03
